???
????
?????
danjo
kp
tenissclub
Cpssystem2019
??????
???????
????????
@@@@@@
@@@@@@@
____
_____
______
@$vthctltc
____00
123TGBjkl
0000
0001
0018
0032
0047
0068
01022010
01022011
01022012
010221
010222
010230
0102345
01024050
010249
01024931
010251
010252
010253
010254
010255
010256
0102566
010257
010258
010259
01026
010260
010261
010262
010263
010264
010265
010266
010267
010268
010269
010269n
01027
010270
010271
010272
010273
010274
010274m
010275
010276
010277
010278
010279
01028
010280
010280j
010281
010282
02021989m
02021990
02021990m
02021991
02021991n
02021992
02021992n
02021993
02021994
02021995
02021996
02021997
02021998
02021999
02022
0202200
02022000